926412960.4126247,1327675001.0852184,0.0005069494247436524,0.00033249046825863896
36518425.93700601,25385556.332728956,0.000810551643371582,0.0003614454132473701
25208335.280804623,26215370.399406653,0.0011186599731445312,0.00035580972404427864
12832175.21600056,22289796.811937578,0.0013928651809692384,0.00035419075170429554
6516199.031373736,16980582.846097235,0.0017428636550903321,0.0003860083304255186
1189881.2947886782,2127719.6153589347,0.0020493030548095702,0.00042348867750637747
627099.675658855,1613060.2201095694,0.002344775199890137,0.00045515147150316967
89910.81407483156,205276.52554283495,0.002696704864501953,0.00045192976917694637
73114.39815195321,207424.08549724676,0.0030117034912109375,0.0004776007022716729
12728.6975766768,28705.4233989132,0.0033050298690795897,0.0004560080909324729
11433.626731668457,28907.381600883353,0.003620624542236328,0.00045010866682290186
1700.1223571724756,4201.216145513626,0.003929567337036133,0.0004688975691837111
312.6720038694528,616.1456086363577,0.0042695760726928714,0.0004741552685281577
253.91895988630898,626.651859662395,0.004617142677307129,0.00047651343145110127
221.97542201314263,630.6001405792869,0.005006814002990722,0.0005124243330103912
34.28869799240369,95.29547176609333,0.0064536333084106445,0.003172315202067889
6.534357868461148,14.459200084665975,0.006850767135620117,0.003143419133233165
1.009967609223016,2.2311952433348354,0.007242321968078613,0.003108454180439641
0.25617525293311905,0.4613937754925384,0.007632565498352051,0.003123199207048738
0.05574393047121098,0.0831763764046636,0.007950568199157714,0.0031027819265934432
0.03991877556017547,0.07184644714653422,0.00829641819000244,0.0031475480096424782
0.0062812715366224415,0.0113053613482747,0.008636260032653808,0.0031270419292906454
0.0013923753647652995,0.002078509992353778,0.008997821807861328,0.003162918016258793
0.0006054615640468438,0.001329085315383633,0.009292364120483398,0.0032135630751012785
0.000220856632060285,0.0003279871360579578,0.009604692459106445,0.003262038214163804
3.8490932497434195e-05,5.0680806057325076e-05,0.009943008422851562,0.0032419800475852498
2.8309103563660854e-05,4.263378033997031e-05,0.01025385856628418,0.0032740401021766987
1.0489165721102859e-05,7.947626196879755e-06,0.010580134391784669,0.003309128953956702
6.521980751208642e-06,2.0934065880743944e-06,0.010897970199584961,0.0032880178471620496
5.470146508281548e-06,1.1399470862958995e-06,0.011208605766296387,0.003316933279604796
5.942883250935695e-06,7.593462996226872e-07,0.011494326591491699,0.0033379361928204047
5.886689468846898e-06,7.390962089838376e-07,0.01181788444519043,0.0033622942832171416
5.790733549704655e-06,9.71239709435977e-07,0.01214895248413086,0.003381754946489081
5.871064796533285e-06,6.499049574565791e-07,0.012481284141540528,0.0033929943590034345
5.58543375592321e-06,7.385704612114845e-07,0.012797141075134277,0.003360400244533971
5.430557377259254e-06,7.690802862004331e-07,0.013128662109375,0.0033747165245156334
5.578624150018851e-06,5.340587420958281e-07,0.013422346115112305,0.0033909769741078716
5.534159170657591e-06,6.076006041906533e-07,0.013725590705871583,0.003412105699137787
5.518045326545091e-06,7.178529706437259e-07,0.014009571075439453,0.003434540967906532
5.4773411928445016e-06,4.7345525599884656e-07,0.014305400848388671,0.0034036767833217417
5.528020502322093e-06,5.519999170319241e-07,0.014646649360656738,0.003375638046963407
5.293343381250417e-06,6.219012252417305e-07,0.014987993240356445,0.003340549291358743
5.651494299126031e-06,4.845699842906597e-07,0.015325188636779785,0.0032983863498559154
5.646869686639532e-06,8.762118979832026e-07,0.015699195861816406,0.0032952763549988595
5.387134294091643e-06,3.5592757581396693e-07,0.015986084938049316,0.0033253040378089264
5.461014196489962e-06,6.627692228712097e-07,0.016356563568115233,0.0033258974561501268
5.300621947777173e-06,3.2386365704190565e-07,0.016747188568115235,0.0033104608550338414
5.350395659004891e-06,6.731112440604912e-07,0.017118000984191896,0.003273394452848548
5.642697897754228e-06,7.859050264269695e-07,0.01752943992614746,0.003305770560671152
5.678836882453618e-06,6.420075729320544e-07,0.0179307222366333,0.003297178420235954
5.720415696064755e-06,8.577467037645862e-07,0.018326616287231444,0.0032909128847123013
5.764343634938178e-06,8.129217980078127e-07,0.01864161491394043,0.003325370762562015
5.65156940636767e-06,7.404451978503129e-07,0.019006991386413576,0.003367394636613357
5.80263469975654e-06,7.816456048158142e-07,0.019350123405456544,0.0034080198443986348
5.491931882524708e-06,6.104668129451054e-07,0.019659590721130372,0.003414662239494532
5.282131912699194e-06,4.72386544139922e-07,0.01997640132904053,0.00345191677707146
5.434390216995825e-06,7.18572230120329e-07,0.020312690734863283,0.003525786629353657
5.4486060197962725e-06,8.976376678399902e-07,0.02063286304473877,0.0035081021067257406
5.394146345434534e-06,7.396171810745869e-07,0.020963501930236817,0.003540023846663591
6.081872714105927e-06,9.292690918981853e-07,0.021290516853332518,0.0035562651418138565
5.774536290247349e-06,7.734217855429828e-07,0.02162477970123291,0.003597262281200492
5.44143455776621e-06,3.834750712475251e-07,0.021984958648681642,0.003585488150694221
5.637698096204097e-06,4.743466074850057e-07,0.022285819053649902,0.0035835040508451293
5.54491718949329e-06,5.437866604423299e-07,0.022577667236328126,0.0035837459254720308
5.609870847579343e-06,7.33281850712322e-07,0.02287166118621826,0.0036073712666026504
6.13014495153058e-06,9.911321016679801e-07,0.0231478214263916,0.003587966057472909
5.364061017462218e-06,8.401591010186799e-07,0.023464488983154296,0.0035653966260488484
5.365848012755262e-06,9.010862651618907e-07,0.023776435852050783,0.0035351883114189218
5.619095184300654e-06,6.815907281202067e-07,0.024068760871887206,0.0035734495417363123
5.67036798196453e-06,7.911080951488929e-07,0.024378156661987303,0.0035797705708660076
5.765924116749603e-06,8.74709635135095e-07,0.024638557434082033,0.003579749693007055
6.080960904312899e-06,8.506399647277267e-07,0.02496016025543213,0.003607511505022705
5.8060010227031725e-06,6.338715216414053e-07,0.025269460678100587,0.0036443668135632905
5.775899618687531e-06,9.68640924072904e-07,0.02561297416687012,0.0036657414272376282
5.310442527759922e-06,6.169594457781316e-07,0.025908184051513673,0.003643817187145503
5.501585566474685e-06,6.586335885460931e-07,0.026256918907165527,0.0036358558110461963
5.699153895994696e-06,6.196553990678695e-07,0.02689666748046875,0.00391379721478115
5.2730240361428476e-06,8.153275324719929e-07,0.027215218544006346,0.003907523574566672
5.525233062845176e-06,5.196985885767715e-07,0.027545166015625,0.003914588270943656
5.319026284711345e-06,4.065146067261668e-07,0.027918243408203126,0.003895381112140266
5.295112238826932e-06,5.503460401311951e-07,0.028228950500488282,0.00392718117491703
5.2216824288308255e-06,5.410095764279429e-07,0.02860896587371826,0.003939153574999232
5.345232913750842e-06,4.1211865507174597e-07,0.02894265651702881,0.003992026361947523
5.4750512470203146e-06,5.193748832684902e-07,0.031129956245422363,0.008036791134911408
5.4951029460911505e-06,4.138333616224936e-07,0.03244023323059082,0.010848861237015972
5.760883305423756e-06,5.487829511018863e-07,0.03278050422668457,0.010880448501380225
5.656693879200651e-06,6.921520466104926e-07,0.03307337760925293,0.010900404806340077
5.349752616965358e-06,4.696989314019251e-07,0.0333857536315918,0.010918681371886884
5.582420950563964e-06,6.280962386804438e-07,0.033672666549682616,0.010895107950249245
5.662745863430719e-06,4.821027614698009e-07,0.03398208618164063,0.010920717680364057
6.053965203165056e-06,5.553462166655349e-07,0.03425343036651611,0.010961499909243232
5.809084338149346e-06,6.747920778733355e-07,0.03457167148590088,0.010982460987555537
5.7581644757284875e-06,6.172133469804537e-07,0.034875679016113284,0.01101012313743181
5.657088992517974e-06,6.245438812764695e-07,0.03517453670501709,0.011035942804677892
5.392029877607162e-06,6.323608355187686e-07,0.03549189567565918,0.011050926250852114
5.539533206210288e-06,7.503103319870756e-07,0.03580973148345947,0.011067928343381904
5.629842583667067e-06,8.187162733004286e-07,0.03611280918121338,0.011055819535617092
5.924950367997296e-06,6.072637670788485e-07,0.03641500473022461,0.011039753238748179
5.321739462779641e-06,7.868829829464598e-07,0.03674969673156738,0.011055202624464432
