1432657885.0605013,2.384185791015625e-07,0.0,0.0
282901571.9288791,43117002.72995333,0.14973199367523193,0.02361103928298443
56279260.763136104,12007499.959282449,0.30025808811187743,0.04854405328383908
10163288.068158062,2171923.423253649,0.4456411123275757,0.07422904587811409
1795809.4319663164,361857.012835681,0.5924927234649658,0.10505069708555649
357169.8594282024,97585.05928755252,0.7422457456588745,0.12639681785047496
69496.42268812798,22388.66616541666,0.8967974424362183,0.15275851992296044
13753.570503062296,5840.325907802306,1.0526867151260375,0.1717369995745409
3103.349180793254,1639.598457756271,1.2030285358428956,0.18495996515326332
627.9808056104337,349.14980925255145,1.3518313884735107,0.19431995588763476
136.46314124466411,87.15288098496,1.4949258089065551,0.2115879672265481
28.243829258865382,22.15161323278858,1.6476104974746704,0.23038051548028032
6.280692600272024,4.914317378169412,1.7951763153076172,0.24449896811924698
1.2562825939150253,0.8397856455082796,1.9415788412094117,0.2666163718932136
0.2775608989589028,0.22544831587506164,2.085793924331665,0.28550537516491825
0.05433608145259514,0.051686368186905245,2.225487804412842,0.298109316752229
0.013134344951998462,0.01348889497889633,2.365013933181763,0.31671359187565834
0.002718266971920971,0.0029173996480445774,2.50746910572052,0.3399174257008391
0.0005830086049714997,0.0005727508243440565,2.6505210399627686,0.3662078811505551
0.00013527985891166022,0.00014125101859182316,2.7924169301986694,0.3813591289404147
3.362559471589587e-05,3.8147251012503113e-05,2.9373436689376833,0.3928756786133847
7.49849261087031e-06,9.361249928355125e-06,3.090729999542236,0.40509025344391975
1.703493050520562e-06,2.078393382901608e-06,3.240155506134033,0.4134590961443392
3.7725636395555525e-07,4.648825967080753e-07,3.387483072280884,0.41886111939385606
9.498389606360276e-08,1.35973512524928e-07,3.533302116394043,0.4268688608329787
2.2088662272942787e-08,3.47535108375535e-08,3.682176041603088,0.44734242954593817
5.462317354749167e-09,9.581108404989973e-09,3.826558804512024,0.4652834758976527
1.2034897673483697e-09,2.0404967315827293e-09,3.9744178533554075,0.4807094926423259
2.5379633542558593e-10,4.466920414592106e-10,4.119228172302246,0.4969309861197722
5.6934295511760116e-11,1.0450055805976782e-10,4.262754654884338,0.512237720639888
1.3894107385340873e-11,2.6824848317430177e-11,4.403931641578675,0.5324599678412213
2.4871621776505267e-12,4.048974589235236e-12,4.545209074020386,0.5491217031946374
5.964644104917725e-13,9.884095027219529e-13,4.686033034324646,0.5694445086975768
1.412071883332523e-13,2.2376689081183264e-13,4.824193453788757,0.5971178722681286
3.269564751963908e-14,5.31478730558928e-14,4.963866090774536,0.6166888213775822
8.039696361132783e-15,1.399382843056045e-14,5.103975439071656,0.6329919793722948
1.927058320235483e-15,3.567062056439793e-15,5.240188002586365,0.6498957588239502
4.408242357215232e-16,7.967867010158078e-16,5.376087737083435,0.6593384763405392
1.0310822142196731e-16,1.7559111195344438e-16,5.512438011169434,0.6786359041637421
2.813430893532607e-17,5.182586164091388e-17,5.645053362846374,0.6985507745351006
6.184556543370014e-18,1.0990690372749402e-17,5.77702043056488,0.7137897703986118
1.5582696424844293e-18,2.8940892018329044e-18,5.912060737609863,0.7363584490436796
4.646391990220869e-19,9.079648593306878e-19,6.047919130325317,0.7630712499760447
1.1751081078231527e-19,2.2335671180010046e-19,6.178628754615784,0.7840491302613336
4.496027917497448e-20,7.912195220160925e-20,6.312401843070984,0.8050580309481776
1.8729088659791034e-20,1.1473882312081164e-20,6.447786140441894,0.8223081435932263
1.3164755200418001e-20,4.156155625295631e-21,6.581345891952514,0.8398530084178617
1.1329323702882174e-20,3.0833159126785638e-21,6.714066195487976,0.862523856680365
1.123059646977191e-20,2.6813234912237803e-21,6.847044467926025,0.8813148445214709
1.1460809355638017e-20,2.732306685542227e-21,6.979664635658264,0.8953358442538748
1.226691329675166e-20,2.2859826655865858e-21,7.108333158493042,0.9107701559621681
1.1519535047109006e-20,3.1685293411774735e-21,7.241363096237182,0.9284724272707756
1.1640675179461147e-20,1.8384384267525467e-21,7.3712396144866945,0.9424980058719126
1.0242081643641458e-20,2.9580141304390145e-21,7.498162150382996,0.9578143066734502
1.1098719898450273e-20,1.971762473931534e-21,7.622143125534057,0.9749608396587301
1.1540752240646822e-20,2.4097981416541514e-21,7.748388552665711,0.9964577904436912
1.2000157669716529e-20,2.2560216747264797e-21,7.874828743934631,1.0156594307664375
1.0998049196638797e-20,4.03351081607115e-21,8.002905797958373,1.0373786362290232
1.2958941966743059e-20,1.9106353347970876e-21,8.127930045127869,1.054281487533336
1.010218930395088e-20,2.1703029769566027e-21,8.255927324295044,1.0792576901087652
1.1133674690202926e-20,2.1003717585456405e-21,8.379520559310913,1.1000793623231018
1.1312128781725426e-20,3.641868587168143e-21,8.507780241966248,1.120509380030224
1.2365787498355243e-20,2.7590118145028693e-21,8.640632486343383,1.1406440802422917
1.2962328848629531e-20,2.746409541438129e-21,8.771454453468323,1.1615814130214532
1.2507921282894115e-20,2.8737563039636147e-21,8.902812504768372,1.172445751280294
1.2007474070378576e-20,2.9428929666816655e-21,9.036837291717529,1.1890286746034213
1.1738970881268772e-20,2.2790899981489854e-21,9.174173140525818,1.207674858511488
1.2664831633120788e-20,3.1128081877529486e-21,9.312587308883668,1.2233987119280227
1.1359812936046806e-20,1.786010295177691e-21,9.454338550567627,1.2372836711146282
1.2085714225100394e-20,2.3368817134095866e-21,9.595524406433105,1.2536585655695436
1.1820248500652825e-20,2.6747101714613147e-21,9.7309100151062,1.2696234560164759
1.2210131221434188e-20,1.6385820313997007e-21,9.867939138412476,1.2828287991316152
1.1653663518982214e-20,2.8262152339745965e-21,10.00278561115265,1.2929899906070526
1.2749477690957653e-20,2.8379536683367962e-21,10.146379637718201,1.2998212607868285
1.1943974008438656e-20,3.638147043324978e-21,10.303811097145081,1.310894767762403
1.2497526345430053e-20,2.4761560861503156e-21,10.450425171852112,1.3244004856735645
1.2024570255255974e-20,2.4983089561179537e-21,10.594700837135315,1.3420334005332788
1.3166430528597067e-20,3.1582571267006635e-21,10.73242928981781,1.3569119681879105
1.083131451837238e-20,2.8026096655673233e-21,10.874573826789856,1.375465172868806
1.1820262692865632e-20,1.7526378946188135e-21,11.009230542182923,1.392373635710808
1.2286585511133697e-20,3.039783540517192e-21,11.145229506492615,1.4051035840797446
1.1905523819280167e-20,2.6318837617518183e-21,11.287331938743591,1.4262293910521748
1.1085310411830563e-20,2.0735925378987194e-21,11.422881507873536,1.4422180537946432
1.0167061002887251e-20,3.137536762298213e-21,11.564087915420533,1.4587287689013022
1.0869611181242539e-20,2.053659738272261e-21,11.70575475692749,1.4784764723574928
1.1863496825855111e-20,2.8078285309068655e-21,11.845615315437318,1.4977530981138478
1.2329971400335713e-20,3.1499271837306287e-21,11.98520336151123,1.5169577428662149
1.247818210053736e-20,2.5651154707909046e-21,12.12119381427765,1.5370069508697333
1.2041549440066151e-20,1.5338329661168404e-21,12.260061740875244,1.5537447523643557
1.0705506564466226e-20,2.0796079711783524e-21,12.392917656898499,1.5674257557004632
1.0957926889907591e-20,2.7356112320596624e-21,12.527404689788819,1.5861608288172617
1.1516454943853341e-20,2.2896127212553665e-21,12.662528157234192,1.602024097030211
9.692355926406494e-21,2.2552842748166552e-21,12.799256300926208,1.6172634365609913
1.2432307134258015e-20,2.7697412855527603e-21,12.93577766418457,1.638382456952142
1.2496806347078512e-20,3.0669012931361854e-21,13.073263907432557,1.6591882858174507
1.376772049152951e-20,2.4613867479569917e-21,13.213538336753846,1.6787759230184283
1.1702615145741937e-20,2.660719451349312e-21,13.3571346282959,1.6977198128949187
1.247513073288611e-20,3.2818863540540502e-21,13.495093870162965,1.7065238120866368
1.33954988190097e-20,3.584777293580656e-21,13.63643798828125,1.718203934036402
1.17991528043184e-20,3.4040841387269e-21,13.77746548652649,1.7363186300247615
