1040833660.4988,574959739.5868475,0.03182854652404785,0.00630715579478721
244337575.18666285,229679859.97249216,0.06363742351531983,0.012668617566446537
78889064.8475807,72928103.85429083,0.09616856575012207,0.019185629837951062
13109934.063921345,13338357.960306529,0.1276017904281616,0.025153797203747816
5814060.508942919,8549514.584217027,0.15987231731414794,0.03183757320531865
3203990.1170157595,7184326.477844636,0.19213943481445311,0.03820240198786374
371903.750322253,773003.1780193896,0.22419607639312744,0.04473148427409735
92444.70307746952,118111.7743326373,0.25579946041107177,0.05079492209119426
19763.842879922588,24277.352704543646,0.28674843311309817,0.055698594801607125
7200.802317094378,8089.449202367216,0.3176948308944702,0.05979623072924369
1639.3273099946898,2493.020608259443,0.3501343011856079,0.06587359126253588
306.0522759433052,322.41494334141015,0.38198399543762207,0.07187835641390017
64.68891859665146,49.97846757239139,0.4137620210647583,0.07712818287716022
17.24796375383996,12.086334809348164,0.44544670581817625,0.08172795530938619
6.463121224303211,5.807007267400431,0.47723538875579835,0.08754684533913716
2.0169222946061307,1.528914278365347,0.5089148759841919,0.09243631525372001
0.6918332782865939,0.6903967981731258,0.5395269870758057,0.09656300676476473
0.1370964345090759,0.1235208205485062,0.5726387739181519,0.10074922700299253
0.031230572850380212,0.03216086174946203,0.6061821222305298,0.10501252974306481
0.01075439626733534,0.011702197615012958,0.6386308670043945,0.10826714516539145
0.001728326062145381,0.001541069078864889,0.6715726375579834,0.11311098760566492
0.0004311410954899699,0.0003601126391513156,0.7057722330093383,0.117627376522262
0.00013335802368419925,0.00013762501760674372,0.7451228857040405,0.12635665807117483
4.814135205699516e-05,5.264096678937978e-05,0.7794926404953003,0.13152092079685937
1.7095761267050576e-05,2.2829377031461523e-05,0.8141403913497924,0.1359103231160683
6.477654349942297e-06,4.915097623237322e-06,0.8480253458023072,0.14047576601060865
4.353196947517254e-06,1.3987673602788333e-06,0.8814568281173706,0.1447343825304017
3.0298380799842175e-06,9.05171152352729e-07,0.9142165899276733,0.14933504297386924
2.9476956703862296e-06,1.547475165262612e-06,0.946012806892395,0.1531195875141742
3.730413137627899e-06,1.7845753316038202e-06,0.9777127504348755,0.15715567522515475
3.403564164889647e-06,1.3583583440494941e-06,1.0088036775588989,0.16075925012099018
2.9954965076443978e-06,1.087270105038769e-06,1.0397995948791503,0.16434891294723564
3.265150178784974e-06,1.5351412867541676e-06,1.071850323677063,0.16769806639041004
3.488803554730065e-06,1.4836901103488774e-06,1.1040467500686646,0.17189420227304186
3.0456273496078005e-06,1.6977408381977856e-06,1.1361692905426026,0.17630206061460382
2.8456317359238317e-06,8.147623043331239e-07,1.1677375555038452,0.18044302506305104
3.2109983581418658e-06,1.3081744014252743e-06,1.199201226234436,0.18422089723207782
2.55313289716275e-06,1.0190667937375938e-06,1.2324222803115845,0.18918875771663832
3.622217007545396e-06,1.3033175086387739e-06,1.2654754877090455,0.1944946574441171
3.789470007157839e-06,1.4215919193677424e-06,1.2965738296508789,0.19841664620947794
2.936392263379859e-06,8.769454093792103e-07,1.3279552698135375,0.20268959582665433
3.3406791517689233e-06,1.0793368763159271e-06,1.358565378189087,0.2061750940705946
3.4249675218302567e-06,6.628811577452757e-07,1.3887813091278076,0.2099365874973855
3.5929192842365424e-06,9.667990089291054e-07,1.4190619707107544,0.21333000537662533
2.9455802879095664e-06,1.619639208534029e-06,1.4495787382125855,0.21703530493149073
2.637602648827005e-06,1.2931549735439237e-06,1.4806260108947753,0.22097352581043558
3.4345847354047466e-06,1.650932793294002e-06,1.5112666368484498,0.2248303806561428
2.709423534894071e-06,1.441150723418305e-06,1.5417560338974,0.22887262447527731
3.630677334028643e-06,1.5836891826141882e-06,1.5734861373901368,0.2331044773413212
2.903797567243732e-06,9.482212245816576e-07,1.6044402837753295,0.2371826418769189
3.9722504492976705e-06,1.6742320640218137e-06,1.6355418682098388,0.24108531063305086
3.0596726153332393e-06,9.747367213851322e-07,1.66764554977417,0.2454431225898809
3.041964246660602e-06,1.4166908316065468e-06,1.6997740983963012,0.2487891123344177
3.2190383498210423e-06,1.1591057283608569e-06,1.7318965435028075,0.2523202660143937
3.2799863605235693e-06,6.529410108075698e-07,1.7632659435272218,0.256679489970361
2.8904619361558647e-06,8.373428788024684e-07,1.7948753595352174,0.26141614593952295
2.9020292512573005e-06,9.334180337762449e-07,1.8270419359207153,0.26640479035760634
2.5277774928759454e-06,8.960044277675034e-07,1.860049343109131,0.27183918996791584
3.047435227337554e-06,1.3518662514027917e-06,1.8918036222457886,0.2760753535487011
3.880073750741009e-06,1.574053076570084e-06,1.923055601119995,0.27923216967589937
2.6765959975927686e-06,7.042385085442761e-07,1.9539204835891724,0.2828317086170494
3.5432225906748733e-06,1.990140407342878e-06,1.9853195428848267,0.28733884574127705
2.865602298037541e-06,8.068555180970118e-07,2.016328763961792,0.2913358543348566
3.199313019369181e-06,1.396345062663648e-06,2.0470574140548705,0.2951944415563864
2.9569673215320156e-06,1.1200338740378915e-06,2.078769898414612,0.2995512328352142
2.7708211867493254e-06,9.94920105087162e-07,2.109647011756897,0.3036454732587653
2.865879515468808e-06,1.3810801719315314e-06,2.1417957305908204,0.3077104671643293
2.78149836752693e-06,1.2112212463724784e-06,2.173753786087036,0.31182915279288465
2.7438247186507534e-06,1.3160685906279955e-06,2.2058423519134522,0.31665250737169576
2.660881729274132e-06,1.0247155550349076e-06,2.237950086593628,0.3212014428738408
2.6119245544732588e-06,1.575257045329275e-06,2.2717516899108885,0.3271532484659833
3.113290361606076e-06,1.4614247190190374e-06,2.3034245491027834,0.3317144218907951
3.1743625611071138e-06,1.1470379258876029e-06,2.3358270645141603,0.33687641003283614
3.3851894851279444e-06,9.93401916014427e-07,2.367814612388611,0.3419012875352714
3.2279718882801777e-06,9.860019347819033e-07,2.3998568296432494,0.34694995290563635
3.9164390443298694e-06,1.612686991916777e-06,2.432041573524475,0.3511463697636997
3.264907815605758e-06,1.6894390102589769e-06,2.4641619682312013,0.35519152759222905
2.8028585817915907e-06,9.502142821623393e-07,2.49574728012085,0.359068588243265
3.2802085757569504e-06,1.1928907668773491e-06,2.5275809288024904,0.36292102554177214
3.1921031541944425e-06,9.561997843610674e-07,2.5597355127334596,0.3671409989791477
2.9389414304055688e-06,1.1831496380198538e-06,2.5916139841079713,0.3712050056493812
2.4395448618074254e-06,1.1590577020532082e-06,2.622933268547058,0.37480773838398357
2.3236693618044628e-06,9.265644208391976e-07,2.653633189201355,0.3782299939125278
3.454123521082865e-06,8.483614128620725e-07,2.68470778465271,0.38191300704673825
3.7238462537550983e-06,1.2338009304211411e-06,2.715523529052734,0.38555949889713925
3.7592080608130614e-06,1.5876546045548082e-06,2.747013735771179,0.3892907518566392
3.4968771511756434e-06,1.5684698213556357e-06,2.7782427072525024,0.3929991581527111
3.155909700803634e-06,1.2717931464550015e-06,2.809418058395386,0.39675340463073056
3.0834440190267215e-06,1.2533209257262792e-06,2.840225672721863,0.4003713409302368
3.2213788302637087e-06,1.364089753652879e-06,2.87105073928833,0.4040759485813008
3.1692271207673777e-06,7.106986725438204e-07,2.9030342578887938,0.40797925135009033
3.719814476111926e-06,1.5385580172248426e-06,2.933944272994995,0.4116062830042069
2.654451052779045e-06,9.995002760767038e-07,2.964419364929199,0.4151470943876264
2.849340154117352e-06,1.3313871480090328e-06,2.995676779747009,0.41891863834373005
3.457393853602139e-06,1.3041438551999107e-06,3.026991295814514,0.4226653319053781
3.2914005068944806e-06,1.5289389956500434e-06,3.0586536169052123,0.4263308874736528
3.4922133337310358e-06,9.726637412731161e-07,3.0907156467437744,0.4302963148710349
2.797040876972139e-06,9.68871683413121e-07,3.1223220586776734,0.43407711850501385
2.6578152351133835e-06,1.1980312904115947e-06,3.154483675956726,0.4371176639828844
