2954470024.0038214,0.0,0.015983104705810547,0.0
2600931875.3741593,0.0,0.03359580039978027,0.0
1657237495.6218379,0.0,0.04848766326904297,0.0
631466185.7539712,0.0,0.06331491470336914,0.0
285534049.68736506,0.0,0.07754874229431152,0.0
43111315.19299629,0.0,0.09969472885131836,0.0
22811831.05602445,0.0,0.1152791976928711,0.0
7453632.232551742,0.0,0.13147902488708496,0.0
5437932.026620287,0.0,0.14928197860717773,0.0
1315997.8604528334,0.0,0.16347694396972656,0.0
882434.2293172781,0.0,0.17850279808044434,0.0
600011.832260988,0.0,0.19749975204467773,0.0
197621.71301997834,0.0,0.21573472023010254,0.0
51202.131672182026,0.0,0.23281073570251465,0.0
19888.548173936557,0.0,0.24709582328796387,0.0
13846.538675320653,0.0,0.2693462371826172,0.0
11789.38585035616,0.0,0.2869842052459717,0.0
7637.622203653523,0.0,0.3072969913482666,0.0
1275.075162212384,0.0,0.32889342308044434,0.0
350.2103498736004,0.0,0.3485090732574463,0.0
350.2103498736004,0.0,0.3656454086303711,0.0
124.94270020921391,0.0,0.38231992721557617,0.0
23.89539987346351,0.0,0.3984386920928955,0.0
18.937548136545303,0.0,0.41590189933776855,0.0
7.595263947930204,0.0,0.4311494827270508,0.0
2.1781849735094596,0.0,0.44769883155822754,0.0
1.0604640542900037,0.0,0.46460962295532227,0.0
0.24374059954424337,0.0,0.4837822914123535,0.0
0.14751507511192125,0.0,0.4989314079284668,0.0
0.1104229469560024,0.0,0.521186351776123,0.0
0.01259764695624319,0.0,0.542963981628418,0.0
0.0021749676885524706,0.0,0.5621857643127441,0.0
0.00047139579126858526,0.0,0.5792593955993652,0.0
0.00016849284206320046,0.0,0.5969898700714111,0.0
6.584856100887968e-05,0.0,0.6139228343963623,0.0
1.1377518598810542e-05,0.0,0.6312432289123535,0.0
5.457901239687094e-06,0.0,0.6528220176696777,0.0
1.943641181517584e-06,0.0,0.6653757095336914,0.0
5.193435211986374e-07,0.0,0.679332971572876,0.0
1.5114473383165147e-07,0.0,0.6958637237548828,0.0
1.0840804176525304e-07,0.0,0.7109439373016357,0.0
2.2679922039723764e-08,0.0,0.7280809879302979,0.0
5.608493736940297e-09,0.0,0.7458465099334717,0.0
1.2122603057564413e-09,0.0,0.7626895904541016,0.0
8.863675178142315e-10,0.0,0.7804257869720459,0.0
7.720316820467797e-10,0.0,0.7922167778015137,0.0
3.252557251100372e-10,0.0,0.808722972869873,0.0
1.9746978856205888e-10,0.0,0.8249585628509521,0.0
1.6620904537357343e-10,0.0,0.8427112102508545,0.0
2.4462448842952003e-10,0.0,0.8532524108886719,0.0
1.708684460875e-10,0.0,0.8682975769042969,0.0
1.5416051423801007e-10,0.0,0.8805487155914307,0.0
1.4389016792039356e-10,0.0,0.8972387313842773,0.0
4.3193450385867e-10,0.0,0.9151172637939453,0.0
2.532843468762426e-10,0.0,0.928504228591919,0.0
2.3213240411175657e-10,0.0,0.9438080787658691,0.0
2.4754268984901234e-10,0.0,0.9540746212005615,0.0
2.2462169757493683e-10,0.0,0.9676132202148438,0.0
1.9553363158591894e-10,0.0,0.9790101051330566,0.0
3.866147189269811e-10,0.0,0.9934437274932861,0.0
2.718795163538964e-10,0.0,1.006314754486084,0.0
2.2589731649917573e-10,0.0,1.0253546237945557,0.0
4.708268201664543e-10,0.0,1.0452141761779785,0.0
3.705242101529044e-10,0.0,1.0572865009307861,0.0
3.262419618859897e-10,0.0,1.0726518630981445,0.0
3.713058040093009e-10,0.0,1.0907580852508545,0.0
2.837281392146769e-10,0.0,1.1068692207336426,0.0
1.5667178726064259e-10,0.0,1.1176588535308838,0.0
1.3166319594829113e-10,0.0,1.1324663162231445,0.0
1.4012035530309982e-10,0.0,1.1446666717529297,0.0
1.1183857766614663e-10,0.0,1.1616661548614502,0.0
9.48849811167902e-11,0.0,1.1733365058898926,0.0
9.847874057461222e-11,0.0,1.183002233505249,0.0
9.253984848255577e-11,0.0,1.1959812641143799,0.0
1.1059381628302128e-10,0.0,1.2166168689727783,0.0
1.4427640872894926e-10,0.0,1.2304348945617676,0.0
3.41939189399455e-10,0.0,1.245610237121582,0.0
1.0827855532701047e-10,0.0,1.2601633071899414,0.0
9.361959243293331e-11,0.0,1.2722070217132568,0.0
1.7591108242416814e-10,0.0,1.2863268852233887,0.0
2.63485110156797e-10,0.0,1.300694227218628,0.0
2.0358118332043964e-10,0.0,1.3163275718688965,0.0
1.263807776727212e-10,0.0,1.3320858478546143,0.0
1.8660548233282944e-10,0.0,1.3470396995544434,0.0
1.923262305213387e-10,0.0,1.3615171909332275,0.0
1.9067312102994297e-10,0.0,1.378209114074707,0.0
2.3146225373897436e-10,0.0,1.3886642456054688,0.0
1.4558921623210804e-10,0.0,1.3986952304840088,0.0
2.8153356945049083e-10,0.0,1.413731336593628,0.0
4.4852445933725305e-10,0.0,1.4328598976135254,0.0
4.745258476584089e-10,0.0,1.4476885795593262,0.0
5.970755508424001e-10,0.0,1.4660873413085938,0.0
2.601939283628199e-10,0.0,1.4817097187042236,0.0
2.0395198022045287e-10,0.0,1.4974291324615479,0.0
1.3423433550027812e-10,0.0,1.5116071701049805,0.0
3.206517881944362e-10,0.0,1.5280954837799072,0.0
2.4619566962653176e-10,0.0,1.541060209274292,0.0
2.826556635886226e-10,0.0,1.5499722957611084,0.0
1.2854000236294862e-10,0.0,1.5676100254058838,0.0
